ID	time	long	lat	y	Int	pre_p	elev_e	lat_l^2	lon_l^2
933	1	-106.7	52.20000000000001	-99.35672977060698	1	59.289987789987784	504.0	2724.84	11384.890000000001
1086	1	-123.26083	44.5647222	-51.02631665017448	1	18.60094444444444	76.0	1986.0144647631726	15193.2322122889
1087	1	-124.053	44.637	-37.13385024912975	1	40.43333333333334	45.0	1992.4617690000002	15389.146809
10000	1	-148.9676	63.7232	-134.04862357643643	1	49.54388888888889	661.0	4060.6462182399996	22191.345849760004
10001	1	-109.85883	33.0695	-16.454563928188758	1	80.35005555555556	1173.0	1093.59183025	12068.9625289689
10003	1	-112.153	36.06967	-44.41234693877551	1	72.33	2152.0	1301.0210939089002	12578.295409000002
10004	1	-112.8	31.950329999999997	-37.78814116336957	1	18.964166666666667	506.0	1020.8235871089	12723.840000000002
10006	1	-119.85483	37.791	-41.9105331200853	1	14.605	1408.0	1428.1596809999999	14365.1802743289
10007	1	-105.58633000000002	40.05317	-69.90584363315332	1	55.495666666666665	3520.0	1604.2564270489002	11148.4730828689
10008	1	-107.70117	40.5045	-67.3313248973157	1	24.813555555555556	1998.0	1640.61452025	11599.5420193689
10009	1	-106.7903	37.4686	-68.55389675623336	1	66.59166666666667	3292.0	1403.8959859600002	11404.16817409
10010	1	-108.4875	37.19217	-67.34647955339138	1	39.050999999999995	2172.0	1383.2575093089	11769.537656249997
10011	1	-80.67467	25.387330000000002	-9.763223051753297	1	136.4981746031746	2.0	644.5165245288999	6508.402379608901
10012	1	-84.6005	30.54217	-14.497833994106742	1	117.78531746031746	60.0	932.8241483088999	7157.244600249999
10013	1	-80.6444	28.5428	-13.820442400527115	1	81.03972222222222	2.0	814.69143184	6503.51925136
10014	1	-84.40367	33.17333	-23.950789909485593	1	99.14433333333334	270.0	1100.4698232889	7123.979509468901
10015	1	-93.38883	40.95783	-25.660829907629864	1	70.48272222222222	320.0	1677.5438383089001	8721.473568768899
10016	1	-113.55283000000001	43.45683	-88.92291283253273	1	24.181944444444444	1807.0	1888.4960736489	12894.245201008898
10017	1	-116.05817	44.292	-96.10013403046872	1	23.102499999999996	1442.0	1961.7812640000002	13469.498823748901
10018	1	-88.66983	37.43467	-20.400000855928322	1	66.22228571428572	161.0	1401.3545180088997	7862.3387522289
10019	1	-90.7205	40.93333	-26.209600493550443	1	69.7665	229.0	1675.5375048888998	8230.20912025
10020	1	-87.48467	38.73783	-23.267474108088	1	71.875	134.0	1500.6194731089001	7653.567485008899
10021	1	-96.6055	39.10133	-24.524519230769233	1	95.01055555555554	350.0	1528.9140077688999	9332.622630250002
10022	1	-100.90983	38.66967	-37.60984950886929	1	80.18611111111112	863.0	1495.3433779089003	10182.7937906289
10023	1	-85.0489	37.7047	-24.19375052979571	1	84.33983333333335	293.0	1421.64440209	7233.31539121
10024	1	-90.17517	30.80683	-17.52252653303837	1	119.43571428571427	48.0	949.0607746489001	8131.561284528899
10025	1	-70.0215	41.97217	-34.50927380810733	1	61.912	41.0	1761.6630545089	4903.01046225
10026	1	-71.2147	42.3839	-44.997847234586956	1	61.24531746031746	18.0	1796.39497921	5071.533496089999
10027	1	-76.1515	38.90783	-29.455117777125967	1	91.05353174603175	6.0	1513.8192353088998	5799.05095225
10028	1	-84.67367	45.5565	-48.340678363507784	1	52.437555555555555	238.0	2075.39469225	7169.6303912689
10029	1	-93.46783	47.52533	-55.59255707892441	1	93.50422222222223	431.0	2258.6569916088997	8736.235244908901
10030	1	-95.30032999999999	44.23567	-39.17593671442024	1	104.79522222222222	343.0	1956.7945003488996	9082.152898108901
10031	1	-89.8	34.0015	-19.00696561798812	1	87.4798253968254	134.0	1156.10200225	8064.039999999998
10032	1	-107.43583	45.567829999999994	-87.38722375466493	1	40.33833333333333	957.0	2076.4271309089	11542.457567788899
10033	1	-113.99579999999999	48.5103	-103.16063702362916	1	44.280111111111104	980.0	2353.24920609	12995.042417640003
10034	1	-113.9656	45.6917	-98.80677583492634	1	63.259722222222216	2414.0	2087.7314488899997	12988.157983359999
10035	1	-78.27367	35.02217	-21.71040391048831	1	115.51	41.0	1226.5523915089002	6126.7674152689
10036	1	-103.2642	47.60139999999999	-67.5454550558388	1	37.6325	611.0	2265.89328196	10663.49500164
10037	1	-97.7525	48.77617	-65.17092886636088	1	52.505	306.0	2379.1147598689	9555.551256249999
10038	1	-100.74117	41.0555	-54.33678809693735	1	72.61433333333333	919.0	1685.5540802500002	10148.7833329689
10040	1	-108.23417	33.21883	-34.66346825783832	1	31.297777777777778	1772.0	1103.4906665688998	11714.6355555889
10041	1	-105.4706	32.9094	-33.57843765889279	1	68.58111111111111	2009.0	1083.02860836	11124.047464360001
10042	1	-103.9755	36.774	-47.235111358574606	1	85.79677777777778	2205.0	1352.327076	10810.90460025
10043	1	-115.42199999999998	36.13483	-43.91231469318822	1	10.496666666666666	1137.0	1305.7259391289	13322.238083999999
10044	1	-119.254	38.79283	-79.5334475179586	1	12.215000000000002	1501.0	1504.8836594089	14221.516516000002
10045	1	-114.2095	39.003	-51.72158802672848	1	33.70166666666666	2067.0	1521.234009	13043.80989025
10046	1	-76.65583	42.73367	-37.68316957845239	1	64.92200000000001	249.0	1826.1665516688997	5876.116272988899
10047	1	-79.39117	42.293	-47.467502865114284	1	64.67876190476191	488.0	1788.697849	6302.9578739689
10048	1	-74.0425	41.3505	-32.374934501995085	1	77.62777777777778	201.0	1709.8638502499998	5482.29180625
10049	1	-81.5311	39.7928	-27.394913462619453	1	76.80555555555556	276.0	1583.46693184	6647.320267209999
10050	1	-98.20033	36.80317	-26.74962086513995	1	77.6181111111111	345.0	1354.4733220489002	9643.3048121089
10051	1	-97.5195	34.97467	-19.10182567931702	1	58.51444444444445	331.0	1223.2275416089003	9510.05288025
10052	1	-101.61717	36.58783	-32.803759328236296	1	54.04666666666666	999.0	1338.6693041088997	10326.0492388089
10053	1	-123.60917	44.38467	-48.50690460912434	1	28.26377777777778	104.0	1969.9989310088997	15279.226908088902
10054	1	-122.252	44.208	-65.59273254884039	1	49.87744444444445	436.0	1954.3472639999998	14945.551503999997
10055	1	-118.50683	45.22133	-93.78560351191734	1	39.568888888888885	1253.0	2044.9686869689	14043.8687566489
10057	1	-80.43433	33.537	-15.4134936351347	1	93.12507936507934	24.0	1124.7303689999999	6469.6814425489
10058	1	-101.855	43.942829999999994	-53.524134116165875	1	60.39533333333333	733.0	1930.9723084089	10374.441025
10059	1	-98.28783	44.353	-47.33703299772064	1	85.46111111111111	398.0	1967.188609	9660.4975261089
10060	1	-84.28567	35.95683	-24.212593938663375	1	100.56783333333333	341.0	1292.8936236488998	7104.074167348899
10061	1	-97.70417000000002	28.466670000000004	-16.464056548446347	1	53.03322222222223	82.0	810.3513008889	9546.104835388902
10062	1	-96.25567	29.65683	-12.666819223533434	1	62.23066666666667	54.0	879.5275656488999	9265.1540071489
10063	1	-97.63717000000001	33.38833	-25.2950464405744	1	68.88222222222221	312.0	1114.7805801889003	9533.0169656089
10064	1	-111.8915	41.655	-81.1733969606263	1	21.555833333333336	1370.0	1735.1390250000002	12519.707772249998
10065	1	-112.17032999999999	37.61783	-58.74542528218398	1	29.988555555555553	2477.0	1415.1011339088998	12582.182932308902
10066	1	-78.5419	38.0397	-32.101506667173446	1	86.03901587301586	172.0	1447.01877609	6168.830055609999
10067	1	-72.868	44.52367	-53.93497488849085	1	100.94255555555556	399.0	1982.3571902689002	5309.745423999999
10068	1	-123.92583	47.856	-59.74182432597292	1	56.117	176.0	2290.1967360000003	15357.611341188902
10069	1	-117.18417	46.75633	-79.91019477006311	1	26.854555555555553	766.0	2186.1543950688997	13732.129698588898
10070	1	-89.65183	46.05167	-44.06533702135885	1	67.13422222222222	501.0	2120.7563097889	8037.450622348901
10071	1	-88.50033	42.57417	-32.93577450420736	1	77.61166666666666	288.0	1812.5599511889002	7832.308410108901
10072	1	-80.95	37.98	-32.184662564801	1	86.53409523809523	753.0	1442.4803999999997	6552.9025
10073	1	-109.78533	42.924	-84.68088931211686	1	30.28961111111111	2388.0	1842.469776	12052.8186832089
10074	1	-110.41883	44.917	-71.87729613019987	1	31.249166666666664	1912.0	2017.5368890000002	12192.3180185689
10075	1	-106.2408	41.3647	-78.84215789661829	1	49.32833333333334	3212.0	1711.0384060899999	11287.107584639998
10076	1	-104.1922	43.8733	-58.46587103589744	1	22.083055555555557	1466.0	1924.8664528900001	10856.01454084
7107200	1	-119.28333300000001	76.233333	-149.03622965001966	1	14.0	15.0	5811.521060288888	14228.51353158889
7108100	1	-81.25	68.786667	-133.2577201069063	1	28.133333333333336	8.0	4731.605556968888	6601.5625
7108101	1	-78.0	72.4	-152.83518937567237	1	31.88888888888889	54.0	5241.760000000001	6084.0
7139800	1	-63.27	45.37	-54.69014017069463	1	81.22222222222221	40.0	2058.4368999999997	4003.092900000001
7152700	1	-80.27	42.85	-45.38824613518673	1	88.22222222222223	240.0	1836.1225000000002	6443.272899999999
7162800	1	-75.67	45.32	-53.398932494986745	1	87.27932098765432	114.0	2053.9024	5725.9489
7172000	1	-74.28	46.04999999999999	-57.15389203905045	1	85.66666666666667	395.0	2120.6025	5517.5184
7174800	1	-91.62	48.75	-71.27436336882195	1	85.77777777777777	393.0	2376.5625	8394.224400000001
7179900	1	-123.43	48.65	-79.09669160747535	1	29.5	20.0	2366.8224999999998	15234.9649
7185600	1	-96.98	50.62	-76.60995878748443	1	89.22222222222221	223.0	2562.3844	9405.120400000002
7186500	1	-104.2	51.77	-100.98826018661792	1	64.77777777777777	561.0	2680.1329000000005	10857.640000000001
7186700	1	-101.09999999999998	53.97	-104.02864779505722	1	53.555555555555564	272.0	2912.7608999999998	10221.21
7187701	1	-114.016667	51.016667000000005	-120.80186701263068	1	72.61999999999999	1049.0	2602.700311788889	12999.800353788889
7191300	1	-94.06	58.75	-108.80433506881381	1	64.39999999999999	5.0	3451.5625	8847.2836
7192400	1	-94.98	74.72	-148.00307881520962	1	21.866666666666664	67.0	5583.078399999999	9021.200400000002
7192500	1	-105.116667	69.1	-144.23415968864254	1	17.46666666666667	27.0	4774.8099999999995	11049.51368118889
7193401	1	-114.27	62.28	-130.1595153247385	1	36.333333333333336	205.0	3878.7984	13057.632899999999
7196400	1	-135.07	60.72	-149.11111790918454	1	41.06666666666667	702.0	3686.9184	18243.904899999998
7196401	1	-135.52	63.37	-148.48736739251814	1	43.833333333333336	504.0	4015.7569	18365.670400000003
7222861	1	-87.54305600000002	33.217222	-22.66127299737173	1	120.66666666666667	65.0	1103.383837397284	7663.786653819137
7622500	1	-106.07	28.63	-43.08068999640158	1	34.0	1423.0	819.6768999999999	11250.844899999998
7669200	1	-96.13	19.2	-26.289751767747834	1	337.4444444444444	16.0	368.64000000000004	9240.9769
7831501	1	-83.565667	22.464925000000004	-12.305249121931014	1	175.83333333333334	34.0	504.67285525562505	6983.22070115489
7831502	1	-83.649508	22.536956	-13.607750960993128	1	147.08333333333334	170.0	507.914385745936	6997.240188642064
7831701	1	-83.155261	22.709461	-16.7300708811439	1	127.16666666666667	80.0	515.719618910521	6914.797431978121
7831801	1	-83.141067	22.771564	-11.858041058377392	1	210.33333333333334	486.0	518.5441270060961	6912.4370218984905
7832501	1	-82.333333	23.166667	-18.477306317566825	1	138.33333333333334	40.0	536.694459888889	6778.777722888888
7833200	1	-80.905833	22.719167	2.1726749792748743	1	184.9	60.0	516.160549173889	6545.753813423889
7833301	1	-81.185278	22.325555999999995	-1.276006234348915	1	141.66666666666666	10.0	498.43045070913587	6591.0493639372835
7837401	1	-82.216667	23.05	-16.000562473437945	1	247.11111111111117	137.0	531.3025	6759.580332588889
7848601	1	-70.02	18.47	-16.533623326267122	1	115.72222222222223	60.0	341.14089999999993	4902.800399999999
7866300	1	-89.12	13.699999999999998	-46.85845040566502	1	351.9444444444444	615.0	187.68999999999997	7942.374400000001
7870801	1	-88.090231	14.930856	-49.81541214587101	1	300.9166666666667	1511.0	222.93046089273602	7759.888797633362
7870802	1	-88.02145	14.938944	-29.88399638336347	1	282.4666666666667	652.0	223.17204783513594	7747.7756601025
7872801	1	-86.360278	13.124167	-41.70813268404124	1	60.43333333333333	820.0	172.243759443889	7458.097616237283
7872802	1	-86.311389	13.039167	-30.575903548060637	1	94.33333333333333	1200.0	170.01987605388902	7449.655871109321
7872803	1	-86.396667	13.068056	-41.35118936684001	1	97.39999999999999	974.0	170.774087619136	7464.384068708888
7875501	1	-85.675	10.38	-49.91887645232992	1	164.66666666666666	63.0	107.7444	7340.205625
7875502	1	-85.666667	9.966667	-46.968062876137914	1	217.16666666666666	15.0	99.334451088889	7338.77783488889
7875503	1	-85.34499999999998	10.31	-45.95388131243505	1	106.0	10.0	106.29610000000001	7283.769024999999
7876000	1	-84.833333	9.966667	-60.72685456212194	1	212.28333333333333	3.0	99.334451088889	7196.694387888889
7876001	1	-85.11	9.69	-44.11921202897304	1	297.6666666666667	160.0	93.89609999999999	7243.7121
7876002	1	-84.633333	9.666667	-53.09702724991417	1	371.3333333333333	3.0	93.444450888889	7162.801054688888
7876052	1	-84.05	9.8	-51.69072766732358	1	215.33333333333334	1735.0	96.04000000000002	7064.402499999999
7876201	1	-84.122083	10.108083	-68.53916444181547	1	303.8333333333333	2260.0	102.17334193488902	7076.5248482588895
7876204	1	-83.716667	9.783333	-44.27251564523703	1	558.3333333333334	900.0	95.71360458888903	7008.480333588889
7876701	1	-83.283333	10.066667	-22.913518908072458	1	351.6666666666667	6.0	101.337784488889	6936.113555588888
7877200	1	-83.46	8.95	-54.38057967369779	1	342.6666666666667	16.0	80.10249999999999	6965.571599999999
7877201	1	-83.166667	8.64	-51.10624721008457	1	335.3333333333333	15.0	74.6496	6916.694499888889
7877401	1	-85.53000000000002	10.5	-40.66534457409048	1	130.66666666666666	22.0	110.25	7315.3809
7877402	1	-85.62	10.59	-41.62991076441056	1	97.0	60.0	112.1481	7330.7844000000005
7877403	1	-85.32	10.766667	-50.138332355048746	1	202.66666666666666	825.0	115.92111828888899	7279.5023999999985
7880600	1	-79.6	8.92	-34.674587396498325	1	206.0824175824176	13.0	79.5664	6336.159999999999
7880602	1	-79.533333	8.983333	-39.53984363735963	1	177.88333333333335	5.0	80.700271788889	6325.551058088889
7895400	1	-59.489722	13.071761	-6.924618147711474	1	124.56923076923078	50.0	170.870935641121	3539.027023637284
8002800	1	-74.78	10.88	-27.92080308625572	1	101.7878787878788	14.0	118.37440000000002	5592.048400000001
8004401	1	-75.286111	9.341389	-48.66761425786645	1	162.3361111111111	175.0	87.26154844932098	5667.998509504322
8009101	1	-73.083333	7.0	-43.22876388018715	1	149.46666666666667	1000.0	49.0	5341.173562388888
8009301	1	-73.069444	7.102222	-60.11966831596717	1	112.0	1532.0	50.441557337284	5339.143646469137
8009302	1	-72.969722	7.112778	-84.95217025548709	1	154.36666666666667	3283.0	50.591610877284005	5324.580328757284
8009303	1	-73.06	7.125556	-64.37439786949182	1	180.66666666666666	1848.0	50.773548309136	5337.7636
8009304	1	-73.010278	7.125556	-70.55702147971361	1	188.76666666666668	3200.0	50.773548309136	5330.500693637284
8009401	1	-73.183333	7.133333	-53.740118051108915	1	83.53333333333335	1189.0	50.884439688888996	5355.80022898889
8009402	1	-73.125	7.144721999999999	-47.951511613015896	1	74.23333333333333	1025.0	51.047052457283996	5347.265625
8009501	1	-72.871667	7.189443999999999	-77.69866665512706	1	81.13333333333334	3307.0	51.68810502913599	5310.27985135889
8009502	1	-72.973889	7.198611	-66.76928079346396	1	93.60000000000001	2660.0	51.820000329321	5325.188475784321
8009503	1	-72.931389	7.204167000000001	-73.10586945232984	1	76.2	2869.0	51.900022163889	5318.987501469321
8009504	1	-72.938056	7.208333	-64.18144706778371	1	70.7	2660.0	51.960064638889	5319.960013059136
8022200	1	-74.13	4.7	-76.43925948994531	1	50.07525252525253	2547.0	22.090000000000003	5495.256899999999
8022202	1	-73.893392	4.912811	-80.7748283543934	1	197.66666666666666	2800.0	24.135711921720997	5460.233381265665
8022203	1	-74.128408	4.618217	-73.58113946994563	1	93.26666666666667	3000.0	21.327928259088996	5495.020872614463
8022204	1	-74.290858	4.501353	-81.7379855974134	1	70.33333333333333	3150.0	20.262178830609	5519.131582376164
8022205	1	-74.098942	4.65325	-74.8830263394242	1	110.86666666666667	3250.0	21.6527355625	5490.653205519363
8022206	1	-74.369642	4.469206	-88.51423862994656	1	121.8	3780.0	19.973802270436	5530.8436512081635
8022208	1	-73.965631	4.978761	-85.58445602950844	1	69.93333333333334	2698.0	24.788061095121005	5470.914569228161
8140501	1	-52.37	4.83	-43.55285085784855	1	305.5	400.0	23.3289	2742.6168999999995
